149
41
241
277
256
199
187
21
60
50
81
1
2
45
181
265
261
197
246
57
155
139
92
177
232
250
160
271
44
55
134
234
276
162
190
29
71
163
159
281
227
145
140
128
38
243
125
25
229
260
27
165
79
24
239
169
263
180
126
171
251
240
194
32
167
82
186
275
278
230
26
280
56
215
213
221
224
148
64
80
113
84
262
172
268
36
249
185
212
245
22
23
201
99
130
123
62
117
254
247
236
4
0
105
102
284
219
218
118
195
51
242
244
237
119
182
37
112
293
39
43
286
68
85
63
3
142
303
269
109
175
166
272
285
223
132
19
6
183
292
107
77
196
106
266
83
176
31
193
204
208
248
291
96
146
287
67
203
202
101
289
288
225
267
226
17
72
20
65
144
91
259
143
100
198
58
238
274
273
222
216
35
174
220
282
74
209
228
121
42
141
290
15
108
294
152
264
66
207
164
210
47
158
157
93
78
205
52
206
89
11
28
16
283
120
200
49
179
178
90
54
53
30
59
189
114
124
258
88
151
135
87
257
111
95
217
127
86
75
131
9
270
10
154
103
98
136
110
252
48
235
255
46
33
34
161
184
115
94
211
137
191
170
73
70
18
147
156
279
192
296
302
168
13
