97
25
3
85
80
90
95
27
58
23
26
24
96
7
99
166
28
78
131
83
22
136
84
133
127
141
91
89
75
100
79
134
10
77
142
132
130
29
140
98
48
49
278
86
232
76
88
144
66
103
101
6
108
87
70
220
217
74
55
53
72
113
182
300
221
137
82
52
119
180
280
279
64
157
93
329
170
206
181
122
164
31
30
146
210
219
209
245
149
251
19
69
250
178
123
158
0
39
43
50
51
54
235
138
143
154
159
259
203
152
254
196
285
68
124
36
237
192
94
92
117
174
307
57
56
227
20
265
21
193
62
63
18
199
151
16
41
173
274
1
2
238
236
4
8
13
12
107
105
145
153
171
330
328
326
45
44
46
194
198
195
321
322
323
320
276
324
169
168
121
231
186
185
167
148
177
114
110
111
288
218
215
139
222
