0
734
259
328
298
28
27
608
629
652
402
45
446
247
281
562
16
148
24
293
34
242
145
418
54
591
52
263
162
142
635
644
44
68
435
64
42
76
342
461
731
291
209
732
437
314
312
392
740
472
679
321
376
694
692
304
381
614
615
390
307
460
95
211
716
30
150
153
338
112
126
215
113
172
339
577
578
657
194
707
600
104
5
714
197
100
386
355
164
86
374
434
81
537
35
43
49
50
70
589
365
479
542
58
181
302
234
595
309
31
424
570
96
158
297
97
493
212
617
228
203
25
122
712
161
188
149
249
65
267
486
133
466
269
660
477
484
287
701
700
441
745
510
308
62
566
159
688
271
341
531
539
553
583
685
208
200
458
268
625
387
283
103
101
715
352
356
357
138
677
747
594
518
444
84
191
32
549
192
457
22
369
523
2
507
686
405
367
253
340
517
216
728
496
462
463
753
670
213
666
224
225
226
160
511
693
545
152
156
508
492
574
125
124
573
120
502
198
529
266
114
270
277
284
525
379
37
38
207
586
41
599
166
370
89
90
372
323
252
14
13
676
536
137
183
346
348
347
585
102
83
742
239
288
611
241
702
274
74
648
167
550
697
664
123
349
60
407
746
491
669
184
186
246
173
176
177
179
180
182
244
127
128
129
130
359
358
505
598
443
440
439
678
256
108
373
375
699
285
380
94
639
220
709
710
422
532
453
335
361
223
333
647
227
421
526
29
204
409
695
696
410
187
741
111
638
456
412
306
140
119
85
719
385
500
501
325
324
431
326
429
320
79
533
534
603
278
575
275
273
454
371
634
633
632
506
368
451
171
178
636
366
362
628
151
168
169
170
498
360
627
221
222
597
229
230
592
233
143
651
154
155
650
157
649
217
469
296
580
581
117
118
432
655
485
653
354
351
350
667
730
729
662
17
568
319
428
131
135
136
345
344
343
210
193
201
202
205
206
420
417
311
315
316
489
332
334
671
305
476
337
475
121
558
672
513
512
300
236
471
675
561
705
69
538
258
66
257
404
383
36
382
165
39
40
110
621
384
622
548
547
415
397
26
93
92
515
546
395
106
21
105
73
88
87
250
612
19
18
80
624
15
262
254
613
3
4
6
7
8
11
10
265
411
56
584
503
681
504
115
175
744
682
276
279
174
473
237
